28 1378296
45 983922
53 1247292
40 901333
31 705668
22 473500
50 1134632
42 994333
13 289208
52 1220088
18 383085
17 409209
21 462000
17 367878
7 148044
40 926405
33 731003
35 826037
13 296415
24 535917
43 1008413
17 382254
31 703240
60 1375376
9 201582
60 1454460
41 1151333
18 464166
35 767538
15 322959
27 614833
12 262168
54 1233076
48 1361254
40 1083586
34 759754
34 749418
4 103667
23 519290
19 426380
32 834758
29 781703
32 786623
60 1335125
10 214336
51 1152247
20 561714
28 750711
45 1068115
38 810875
5 106290
35 775790
25 538880
20 499244
18 456205
60 1464884
42 898160
40 849916
11 246046
34 826417
44 1160615
20 471043
14 296833
39 876954
27 588088
53 1265206
18 503824
38 1082040
4 89041
11 267499
7 152749
59 1314916
21 494623
4 90750
34 952624
31 800126
22 518248
40 855545
15 345874
3 75833
22 496087
29 615631
24 615333
59 1511373
22 497005
11 233830
7 149376
54 1150464
5 112377
9 206000
50 1298954
58 1362668
52 1117623
59 1303789
44 1124506
19 505206
54 1212164
36 739382
47 1018155
41 1178421
17 481124
26 592286
31 665998
36 790252
15 337872
46 1091371
5 130542
53 1410698
22 511543
39 812041
50 1079828
24 636333
6 171418
9 231337
40 912633
49 1149458
17 398705
40 977085
15 413916
20 499372
53 1298049
8 195585
58 1412671
26 612047
48 1204537
41 1123791
58 1540746
56 1543583
3 84957
21 594589
6 192208
31 812413
12 306041
48 1380004
51 1362547
2 45249
49 1133824
49 1396295
12 333541
41 1015997
21 484329
45 1039034
27 735754
38 1058163
8 213043
21 448756
10 218086
56 1247575
45 1071041
7 181084
36 1011503
52 1160961
51 1111087
45 1082795
6 177626
28 790372
37 909336
18 388754
14 301046
24 509453
20 443462
2 42207
50 1303754
38 1011922
25 536123
36 762331
7 165626
15 314917
53 1277963
34 907752
37 858372
19 395249
34 721791
22 457795
8 170710
41 981336
40 1076715
51 1145216
49 1053371
13 274039
54 1253787
20 456458
14 351630
34 787584
54 1148205
34 708418
28 636916
7 229874
48 1410703
34 815128
54 1146129
42 871460
59 1565926
7 187583
9 226916
29 660959
53 1118591
54 1163043
4 84333
12 322294
27 726296
15 408457
33 800128
40 854834
10 227711
21 434538
43 916459
45 1165579
6 167916
10 293749
46 1033078
42 895957
54 1164324
52 1382833
10 223335
54 1221155
21 474333
27 573507
58 1297214
10 297585
33 839631
29 710959
50 1059071
14 288875
31 672088
30 612922
47 1218830
4 102041
35 903414
58 1285545
51 1105713
8 172626
48 1231756
60 1407551
21 447084
4 83583
20 447043
23 479916
8 162585
53 1248580
31 879455
34 779903
51 1192543
28 679173
44 1051289
38 1131917
42 1195546
42 998337
54 1343290
44 1286337
17 432993
44 1064293
13 295837
16 392545
36 923877
43 1189915
24 635252
8 185878
5 140874
57 1317919
25 653545
59 1613123
49 1321376
33 788536
32 770044
17 430752
34 967913
39 1122507
20 521459
56 1277790
43 1042457
49 1447501
3 95542
43 1076752
48 1203372
40 1010923
4 97125
60 1660167
51 1242957
50 1233205
46 1267921
25 672380
32 718791
25 572167
43 1009493
36 1044170
3 87459
55 1452215
8 190210
58 1405826
20 460003
47 1256376
51 1285747
30 632500
21 477878
7 166040
50 1224238
41 1173539
37 971754
16 422213
